notebooks/Paper_3/flume_profile_smoothed_v002.txt
ncols	    4
nrows	    87
xllcorner	0
yllcorner	0
cellsize	 0.03
NODATA_value  -9999
0.0034 0.0034 0.0034 0.0034
0.0036 0.0036 0.0036 0.0036
0.0042 0.0042 0.0042 0.0042
0.0051 0.0051 0.0051 0.0051
0.0068 0.0068 0.0068 0.0068
0.0089 0.0089 0.0089 0.0089
0.0112 0.0112 0.0112 0.0112
0.0138 0.0138 0.0138 0.0138
0.0165 0.0165 0.0165 0.0165
0.0193 0.0193 0.0193 0.0193
0.0222 0.0222 0.0222 0.0222
0.0250 0.0250 0.0250 0.0250
0.0279 0.0279 0.0279 0.0279
0.0306 0.0306 0.0306 0.0306
0.0332 0.0332 0.0332 0.0332
0.0357 0.0357 0.0357 0.0357
0.0381 0.0381 0.0381 0.0381
0.0405 0.0405 0.0405 0.0405
0.0429 0.0429 0.0429 0.0429
0.0454 0.0454 0.0454 0.0454
0.0479 0.0479 0.0479 0.0479
0.0505 0.0505 0.0505 0.0505
0.0531 0.0531 0.0531 0.0531
0.0556 0.0556 0.0556 0.0556
0.0579 0.0579 0.0579 0.0579
0.0601 0.0601 0.0601 0.0601
0.0622 0.0622 0.0622 0.0622
0.0641 0.0641 0.0641 0.0641
0.0658 0.0658 0.0658 0.0658
0.0674 0.0674 0.0674 0.0674
0.0689 0.0689 0.0689 0.0689
0.0704 0.0704 0.0704 0.0704
0.0720 0.0720 0.0720 0.0720
0.0737 0.0737 0.0737 0.0737
0.0756 0.0756 0.0756 0.0756
0.0778 0.0778 0.0778 0.0778
0.0798 0.0798 0.0798 0.0798
0.0830 0.0830 0.0830 0.0830
0.0716 0.0716 0.0716 0.0716
0.0604 0.0604 0.0604 0.0604
0.0471 0.0471 0.0471 0.0471
0.0341 0.0341 0.0341 0.0341
0.0192 0.0192 0.0192 0.0192
0.0045 0.0045 0.0045 0.0045
0.0022 0.0022 0.0022 0.0022
0.0027 0.0027 0.0027 0.0027
0.0034 0.0034 0.0034 0.0034
0.0047 0.0047 0.0047 0.0047
0.0065 0.0065 0.0065 0.0065
0.0087 0.0087 0.0087 0.0087
0.0111 0.0111 0.0111 0.0111
0.0135 0.0135 0.0135 0.0135
0.0159 0.0159 0.0159 0.0159
0.0184 0.0184 0.0184 0.0184
0.0209 0.0209 0.0209 0.0209
0.0234 0.0234 0.0234 0.0234
0.0259 0.0259 0.0259 0.0259
0.0284 0.0284 0.0284 0.0284
0.0308 0.0308 0.0308 0.0308
0.0332 0.0332 0.0332 0.0332
0.0355 0.0355 0.0355 0.0355
0.0378 0.0378 0.0378 0.0378
0.0400 0.0400 0.0400 0.0400
0.0423 0.0423 0.0423 0.0423
0.0445 0.0445 0.0445 0.0445
0.0468 0.0468 0.0468 0.0468
0.0491 0.0491 0.0491 0.0491
0.0514 0.0514 0.0514 0.0514
0.0534 0.0534 0.0534 0.0534
0.0554 0.0554 0.0554 0.0554
0.0572 0.0572 0.0572 0.0572
0.0589 0.0589 0.0589 0.0589
0.0607 0.0607 0.0607 0.0607
0.0625 0.0625 0.0625 0.0625
0.0643 0.0643 0.0643 0.0643
0.0663 0.0663 0.0663 0.0663
0.0683 0.0683 0.0683 0.0683
0.0704 0.0704 0.0704 0.0704
0.0725 0.0725 0.0725 0.0725
0.0742 0.0742 0.0742 0.0742
0.0769 0.0769 0.0769 0.0769
0.0640 0.0640 0.0640 0.0640
0.0515 0.0515 0.0515 0.0515
0.0389 0.0389 0.0389 0.0389
0.0269 0.0269 0.0269 0.0269
0.0151 0.0151 0.0151 0.0151
0.0034 0.0034 0.0034 0.0034